%%MatrixMarket matrix array real general
% 
% This is a model file of Train_features,
%    generated by l1_logreg_train ver.0.8.2
% Contents of model:
%    entry   1   : intercept
%    entries 2..m: coefficients
% 
97 1
-9.192348204486831e-01
-2.656384577100227e-05
-4.080322966692827e-05
 0.000000000000000e+00
 0.000000000000000e+00
 0.000000000000000e+00
 0.000000000000000e+00
 0.000000000000000e+00
 0.000000000000000e+00
 0.000000000000000e+00
 0.000000000000000e+00
 7.914609913386616e-05
 0.000000000000000e+00
 1.130024721972088e-04
 0.000000000000000e+00
 0.000000000000000e+00
 2.250528818683259e-05
 0.000000000000000e+00
 1.160028678680630e-04
 4.241971465443770e-05
 0.000000000000000e+00
 0.000000000000000e+00
 0.000000000000000e+00
-2.580374963062322e-05
-7.516228709936737e-05
 0.000000000000000e+00
 0.000000000000000e+00
 0.000000000000000e+00
-1.890663542372270e-07
-1.252458917454292e-05
 0.000000000000000e+00
 0.000000000000000e+00
 7.099587155465819e-05
-7.088905559579879e-05
 0.000000000000000e+00
 0.000000000000000e+00
-1.155133589870450e-04
 0.000000000000000e+00
 0.000000000000000e+00
 0.000000000000000e+00
 0.000000000000000e+00
-1.102418751858152e-04
 0.000000000000000e+00
 0.000000000000000e+00
-1.616012569778499e-04
 0.000000000000000e+00
 5.851326076931329e-05
 0.000000000000000e+00
 0.000000000000000e+00
 0.000000000000000e+00
 0.000000000000000e+00
 1.634097427534969e-04
 0.000000000000000e+00
 1.960113236478723e-04
 0.000000000000000e+00
 8.142525959278340e-05
 0.000000000000000e+00
 0.000000000000000e+00
 0.000000000000000e+00
 0.000000000000000e+00
 0.000000000000000e+00
 0.000000000000000e+00
 2.759954625321602e-04
 0.000000000000000e+00
 0.000000000000000e+00
 1.289458807831288e-04
 9.436151093460051e-05
 3.234955076105764e-05
 2.622810622723864e-04
 1.802564404666927e-05
 0.000000000000000e+00
 1.414931273071741e-04
 0.000000000000000e+00
 0.000000000000000e+00
 6.585451900299932e-05
 0.000000000000000e+00
 0.000000000000000e+00
 0.000000000000000e+00
 0.000000000000000e+00
 0.000000000000000e+00
 0.000000000000000e+00
 0.000000000000000e+00
 0.000000000000000e+00
-2.048614985884203e-04
 0.000000000000000e+00
-6.553744486421429e-05
-1.287137711229880e-04
 0.000000000000000e+00
-3.377888789974706e-04
-8.923830418679842e-06
-1.803761174361130e-04
 0.000000000000000e+00
-2.758264062429176e-04
-2.229288450981124e-04
 0.000000000000000e+00
-7.650432915189367e-05
-2.822420232554817e-05
