Coefficients learned : [[ -8.43232711e-01  -1.22092166e+00  -8.20312948e-01   2.47164505e-01
    8.77329096e-02  -4.63906791e-01  -6.06837056e-01   1.48282685e-02
    5.37945334e-03   1.99408091e-01   3.38448312e-01   4.91273337e-01
    2.58302824e-01   6.20225787e-01   3.88012114e-01   5.52673629e-01
    7.43775352e-01   6.14934967e-01   7.68134897e-01   7.23724877e-01
    5.45635725e-01   3.14160213e-01  -8.18082975e-02  -2.49667124e-01
   -3.10927685e-01  -3.27463203e-01  -3.59821461e-01  -4.46216516e-01
   -5.50802176e-01  -5.19289501e-01   2.41185004e-01   3.03151252e-01
    1.11829256e+00  -5.81442691e-01   1.62217064e-01   9.60743324e-02
   -3.88532649e-01  -6.44070602e-02  -3.68795364e-02   4.09225190e-02
    1.29890084e-01  -5.24354806e-01  -2.69532033e-01  -4.56810628e-01
   -6.93263551e-01  -2.44772462e-02   5.82652231e-01   6.35438883e-01
    4.42790435e-01   4.08082158e-01   6.20156716e-01   9.29292460e-01
    6.11269399e-01   5.56581730e-01   3.23336743e-01   2.13087028e-01
    3.56340030e-02   2.92442152e-05  -1.74291650e-01  -3.91479642e-01
   -6.11097540e-01  -4.71548426e-01   3.05701084e-01   2.47350543e-01
    9.66080463e-01   3.60224494e+00   1.87082461e+00   2.13504355e+00
    2.01718709e+00   1.64908734e+00   1.33086869e+00   1.23358349e+00
    1.15314620e+00   9.11292520e-01   1.00994108e+00   8.88001945e-01
    8.55011186e-01   7.57703201e-01   2.71148199e-01   9.68216723e-03
    5.30724667e-02  -2.25894357e-01  -6.94663941e-01  -1.04087815e+00
   -9.42879553e-01  -1.06238285e+00  -1.23403776e+00  -1.36377230e+00
   -1.62560209e+00  -1.62101094e+00  -1.52666398e+00  -1.47458108e+00
   -1.78787823e+00  -1.86727499e+00  -4.31136121e-01  -2.06571254e-01
   -2.41414267e-02]]