Coefficients learned : [ -2.34415911e-07  -2.39804799e-01   2.73992745e-02   3.97906491e-01
   2.16462368e-01   6.39793346e-02   6.59136855e-02  -1.57342275e-01
  -6.68941379e-01   5.74069208e-01   2.31978145e-01   8.08556199e-01
   1.20210770e-02  -8.57824163e-01  -1.13877072e-01  -1.45914131e-02
   4.69330561e-02   2.49635948e-02   1.50716039e-01  -5.93488184e-02
   6.90793825e-01  -3.07984828e-01   2.03882170e-02  -6.28987424e-02
  -2.83618451e-02   1.00290440e-02   3.65882191e-02   6.09901354e-02
   8.24210654e-01  -1.51117122e-01   2.21827709e-01  -2.14258060e-01
  -1.53698987e-01   1.28342946e-01   5.03023071e-01  -8.18247789e-02
  -7.58020189e-02   1.57040482e-01   4.11671397e-01   5.28186788e-01
   1.18278824e-01   5.06798629e-01  -7.71807987e-01  -3.20563631e-01
   2.59196900e-01  -3.45002584e-01   2.34926542e-01   4.36992876e-02
   1.86170922e-01  -3.35502218e-01  -1.31010262e+00   4.73275780e-01
  -2.74456038e-01   2.41668987e-03  -1.16472631e-01   1.03311674e-01
   6.26691591e-02   2.39968099e-01  -5.83697645e-01   5.47065009e-01
  -1.33575338e-01  -1.16673921e-01  -2.44167188e-01   2.90911683e-01
  -4.48226869e-01   1.25069695e-01   1.08895353e+00  -4.52985597e-01
  -2.89440062e+00   2.90156239e-01   2.17434850e-01   5.11843246e-02
   1.30912735e-01  -1.42687796e-01   3.02095059e+00   1.51200843e-01
  -8.83299452e-02  -2.89957993e-02  -1.22337685e-01   3.06754024e-02
  -1.84236266e-01   3.46613154e-01  -4.60471869e-02  -1.80717668e-02
  -2.88305144e-01  -3.01283947e-02   2.78141401e-01   6.48836264e-02
  -1.05349546e-01  -3.34347942e-02   3.13703458e-02   2.00414738e-01
  -2.06626974e-01  -1.85384827e-01  -1.31168973e-01   2.88334646e-02
   1.52825396e-01   9.31852957e-01  -4.92855675e+03  -1.39871794e+00
   1.78651832e+00   3.14430736e-01  -3.30394626e-01   1.09302525e-01
   4.92780258e+03  -8.81826681e-02  -3.52896423e-01  -1.28580260e-01
  -2.50071827e-01   3.44168013e-01  -6.66537570e-02  -1.02707307e+00
   1.08055377e-03  -1.06780057e-01  -2.91378406e-01  -1.41486597e-01
  -3.40884653e-02  -2.13295376e-01  -1.84715570e+00  -2.00479258e-01
   9.77177106e-02   2.88237545e-01   4.47368245e-01]