Coefficients learned : [  1.88500919e-08  -1.15313360e+00   1.85919805e-01   5.94315234e-01
   1.64761543e-01   6.67015374e-02   1.16728832e-01   4.00279556e-01
  -3.21129060e-01  -3.02329895e-01   3.38743042e-01   2.13967550e-01
   2.59616397e-02   3.76708527e-01  -2.38160113e-01   6.25530299e-02
  -4.29215265e-02  -1.72923588e-01   1.69253553e-01  -1.88766345e-01
  -4.56115213e-02  -3.24293127e-01  -4.02369256e-01  -6.11124527e-03
  -9.48556769e-02   5.83589760e-02   5.80050170e-02  -1.12612781e-02
  -1.08063847e-02  -2.79887424e-01  -3.20388579e-01   3.92695056e-01
   8.26212703e-02   3.90873509e-01   7.99057908e-01   4.43229844e-03
  -5.29750869e-02   2.21330320e-02   1.93848628e-01  -7.21549483e-01
   1.47329472e-01  -1.94576751e+00   2.33918471e+00  -5.43935755e-01
  -2.91116779e-01   4.18029413e-01  -1.17800242e-02   5.91375102e-02
   1.13519497e-01  -2.58016291e-01  -5.72981867e-03   3.04494985e-01
   4.66169040e-01  -1.23970125e-01   2.78106920e-01   4.99835795e-02
  -1.62744457e-01   4.84374440e-01  -6.97243160e-01  -5.20830348e-02
  -2.18936143e-02   4.77233605e-02  -1.95416333e-02  -5.14378057e-01
   4.14769676e-01   3.31345662e-02  -1.63387824e-01  -2.81772719e-02
   4.59626800e-02   5.74289865e-01   1.02832619e-01   3.66135371e-02
   4.33688031e-01  -1.13157833e-01  -2.49132963e-01   1.22716966e-01
  -8.32705573e-02  -4.34430230e-02   6.13700247e-02  -3.11831228e-02
  -8.55347411e-01   9.58138220e-01  -3.82436542e-02  -6.25630701e-02
   2.42076870e-01  -5.00983205e-02  -2.63394069e-02   2.39544946e-01
  -2.62416829e-01  -1.36128590e-01   2.65041908e-01   6.56050781e-01
   1.88590288e-01  -1.21128820e-01  -6.57474557e-02   9.34287907e-02
   1.20973937e-01   5.86797332e+00  -4.50753755e+03   7.68171213e+00
   8.92827274e-01  -2.60273539e+00   6.30069819e-01   1.09738226e-02
   4.50780799e+03   1.16009428e-01  -1.27173184e-01  -1.94634292e+00
  -1.70919937e+00  -2.49991720e-01   2.68831185e+00  -3.89727250e+00
  -4.07994367e-02  -2.71443637e-01  -6.26161265e-02   5.26896536e-03
  -1.15654806e-02  -2.38783679e-01   6.70189209e+00   6.72111962e-02
   8.99196037e-02   3.32703650e-01  -1.17748044e+00]