Coefficients learned : [ -2.49546092e-08  -4.35482771e-01   1.82354052e-01   1.61165314e-01
   2.40360642e-02   1.90048844e-02   9.93150420e-02  -3.08441812e-01
  -7.63893577e-01   6.57454248e-01   4.13535070e-01   5.69735677e-01
  -2.81155731e-02  -6.33712722e-01   1.86264733e-01   1.06141331e-01
  -2.22979761e-01  -2.31863770e-01   2.44515252e-01  -1.10293919e-01
   7.15370958e-01  -4.20390347e-02   4.22226837e-01   3.04746371e-02
  -1.80172729e-02   7.22121398e-03  -8.36146217e-02  -8.65625289e-03
  -3.93351810e-01  -1.16328919e-01  -2.30405013e-01   1.23158572e-01
  -2.26981692e-01  -2.53060847e-01  -2.30993994e-02   3.12969690e-02
   1.71410555e-01  -6.03758456e-02   1.06981011e-02  -4.51556710e-01
   2.82466645e-01  -1.09451984e+00   1.65615115e+00   4.98267304e-01
  -1.84741239e-01  -1.45757956e-01  -7.19091466e-03   4.47271306e-03
   1.11014515e-01  -2.63058389e-01   7.28647259e-01  -2.06356971e-01
  -3.93464885e-01  -1.50097125e-01  -4.63887162e-02  -1.50141535e-02
   1.42747565e-01  -3.52778911e-01   2.68730732e-01   2.15461017e+00
  -2.16251630e+00  -2.02437880e-02  -4.58181505e-01   3.70137030e-01
  -6.83464738e-01   5.65541747e-01  -2.72249184e-01  -1.42623577e-01
  -7.69052471e-01   4.42999834e-01   4.00334147e-01   2.42517931e-02
   3.37232199e-01   5.26611281e-02   6.62225616e-01   2.23339009e-02
  -5.36229055e-02   1.30376454e-01   2.20470160e-02   1.35405635e-03
   2.81162931e-01  -6.95235416e-01   3.37047020e-02  -3.24070958e-01
   4.73456902e-01  -1.40347640e-01   8.40671592e-02   6.99557420e-02
   1.12621603e-01  -3.66140534e-02  -4.08436202e-01   1.42352999e-01
   1.35235527e-01   1.98751736e-01   2.58201225e-01   1.09857311e-01
  -2.51724719e-01   6.02083795e+00  -1.41317071e+03   8.39544248e+00
   2.68509659e+00  -1.49883119e-02  -1.44335371e+00   9.32068785e-01
   1.41325943e+03  -2.26879181e-01   8.48538342e-01   4.69806532e-01
   7.03418265e-01   1.80809480e-01   1.40058691e-01  -1.58925091e+00
   1.40952226e-01  -6.16418901e-02   5.38833499e-01   2.10566583e-01
  -1.14103793e-01   1.52917117e-02   7.22142672e-01   8.68664133e-03
   1.09336366e-01   3.92943343e-02  -8.72426167e-01]