Coefficients learned : [  3.12047434e-13   3.70226624e-01  -5.79531133e-01   1.50521731e-01
  -1.04681981e-01   1.13615155e-01   7.77592309e-02   1.38710671e-01
   3.74392703e-01  -4.97629605e-01  -4.94710534e-02  -1.63456589e+00
   8.91310764e-02   5.11228002e-01  -6.98387915e-02   6.44633605e-03
   1.21742311e-01   1.72152396e-01  -1.54849607e-01  -1.95018681e-01
  -4.84989376e-01   7.47421403e-01  -1.39482586e+00  -5.40470741e-02
   2.02068617e-02  -5.31029373e-02  -7.79088883e-02   7.01063804e-02
  -5.76917199e-02  -1.45957279e-01  -3.38537402e-01   2.84625107e-01
   1.44108450e-01  -3.44718840e-02  -2.56503695e-01  -3.09025350e-02
  -1.35001629e-01  -1.30913619e-01   1.27723152e-01   4.45589187e-01
   1.86820868e-01   9.08028118e-01  -1.23359920e+00   1.25626412e-01
   1.19248049e+00  -1.39568456e+00  -2.75421089e-01  -6.98066542e-02
   9.75595096e-03   1.03724963e-01   3.33403323e-01   5.97032543e-02
  -3.22601328e-01   1.23811389e-01  -1.49465336e-02  -2.94726494e-01
   2.03249501e-01  -6.71743014e-02  -2.49129814e-01   1.19246904e+00
  -8.94013347e-01   3.10010257e-02   4.89572943e-01  -1.18336870e+00
   1.20522323e+00   2.37509941e+00  -1.88610028e+00  -3.62760304e-01
   2.11115754e+00  -1.31090215e-01   2.76184227e-02   2.39873390e-02
   7.31687192e-01  -4.24780754e-02  -2.39917413e+00   7.46399771e-02
  -5.17689947e-02   9.68004939e-03  -5.28531253e-03   2.28334161e-02
  -2.09432754e-01  -1.06642539e-01   4.10668899e-01  -6.24387141e-01
   8.48883336e-01  -3.20514867e-01   2.88274835e-01  -3.23315248e-02
  -1.11582224e-01  -8.69788544e-02   3.18681027e-01   9.28547105e-02
  -1.39788217e-01  -4.29041139e-02  -2.14429908e-01  -1.39083159e-02
   1.50872563e-01  -2.56747199e+00  -1.58453874e+01  -1.67171680e+00
   3.08101653e+00  -2.56551064e-01  -4.48953278e-01   5.48203067e-01
   1.41909107e+01  -1.09247401e-01  -7.84296027e-01   3.29960208e-01
   2.54876971e-01   1.20378045e-02  -8.70451236e-01  -6.48176859e-02
   2.99424862e-01   6.56672149e-01   1.13308154e-02  -3.91170892e-02
   1.05872869e-01  -2.03922027e-01   1.68960217e+00  -6.75977004e-01
   1.81912342e-01   1.72805232e-01  -1.18067106e+00]