Coefficients learned : [ -1.11974642e-08   4.16625282e-01  -2.26584588e-01   1.58348537e-01
  -5.03538219e-01  -2.81833788e-01   1.75325471e-02  -3.42243622e-01
   1.78670101e-01  -8.81823060e-02  -3.75105750e-01  -1.49574484e+00
   9.45040487e-02  -1.81773408e-01   1.15327748e-01  -1.37225244e-02
  -3.97436498e-04   8.33030942e-01   2.80467713e-01  -2.49636064e-01
   7.56040804e-01   1.23828398e+00  -1.71340533e+00  -7.82295367e-02
  -1.46915324e-01  -3.86804946e-02   1.75531849e-02  -4.64749088e-02
  -5.72551671e-02  -2.86320229e-01  -6.23743956e-02  -1.01679826e-01
   5.21707474e-01  -3.33569906e-01  -2.76535001e-01  -1.30809739e-01
  -1.88046947e-01   1.48123404e-01   3.03258533e-03   1.05274719e+00
   1.16418548e-01   1.16478061e+00  -2.16591233e+00  -4.53108863e-01
  -1.01367047e+00  -6.37357206e-02   1.05718259e-01  -6.20779740e-02
   2.51478460e-02  -1.41017094e-01   8.20446182e-01  -4.81335354e-01
  -1.44092233e-01   2.65867085e-01  -3.01083568e-01   3.61553820e-01
  -3.10525397e-01  -5.57619471e-01   9.46719884e-01  -1.06603876e+00
   8.52014081e-01  -4.56435502e-01  -5.30732467e-01   2.39689878e+00
  -2.75308629e+00   2.82147429e+00  -1.37576048e+00   1.62159703e-01
   1.39102233e+00  -3.25152475e-01   3.89598612e-01  -1.42834408e-02
   2.43347796e-01  -7.44222354e-02  -1.43427955e+00   1.46149502e-01
  -2.18767924e-01  -5.29950265e-02   3.29410415e-02  -1.99868932e-01
  -1.50397949e+00   3.11884418e+00  -1.44896981e+00  -4.95944894e-02
  -1.28235840e+00  -1.15054040e-01   8.69876315e-01  -4.80182736e-02
   6.01334716e-02  -8.64806721e-02   1.66530323e-01   1.05399702e-01
   2.21217828e-01   1.71812894e-02  -2.45141900e-02   4.29631264e-02
   9.78977542e-03  -4.21210496e+00   5.06558595e+03  -4.27977713e+00
  -1.89049836e+00  -5.68093933e-01   4.90058212e-01  -1.39865729e-01
  -5.06543887e+03  -1.55317097e-01   1.45376709e-01   5.14297953e-01
   7.55486680e-01  -5.77922672e-03  -8.13237192e-01   6.40418386e-01
  -2.69883576e-02  -2.35307207e-01   3.43563745e-01   4.55671605e-02
  -3.78118218e-04   8.35790714e-01  -5.64134901e-01  -6.37367223e-03
   7.83819642e-02  -2.86735716e-01   6.51020388e-01]